 prem.200
 1 1.0 1 2
 220 40 112
      0. 13088.50 11262.20  3667.80   1327.7     84.6 11262.20  3667.80  1.00000
  31321. 13088.29 11262.05  3667.69   1327.7     84.6 11262.05  3667.69  1.00000
  62641. 13087.65 11261.58  3667.37   1327.7     84.6 11261.58  3667.37  1.00000
  93962. 13086.58 11260.82  3666.83   1327.7     84.6 11260.82  3666.83  1.00000 
 125282. 13085.08 11259.74  3666.08   1327.7     84.6 11259.74  3666.08  1.00000
 156603. 13083.16 11258.35  3665.11   1327.7     84.6 11258.35  3665.11  1.00000
 187923. 13080.81 11256.66  3663.93   1327.7     84.6 11256.66  3663.93  1.00000
 219244. 13078.03 11254.66  3662.53   1327.7     84.6 11254.66  3662.53  1.00000
 250564. 13074.83 11252.36  3660.92   1327.7     84.6 11252.36  3660.92  1.00000
 281885. 13071.20 11249.74  3659.09   1327.7     84.6 11249.74  3659.09  1.00000
 313205. 13067.14 11246.82  3657.05   1327.7     84.6 11246.82  3657.05  1.00000
 344526. 13062.65 11243.59  3654.79   1327.7     84.6 11243.59  3654.79  1.00000
 375846. 13057.74 11240.05  3652.32   1327.7     84.6 11240.05  3652.32  1.00000
 407167. 13052.40 11236.21  3649.63   1327.7     84.6 11236.21  3649.63  1.00000
 438487. 13046.63 11232.05  3646.73   1327.7     84.6 11232.05  3646.73  1.00000
 469808. 13040.44 11227.59  3643.62   1327.7     84.6 11227.59  3643.62  1.00000
 501128. 13033.82 11222.83  3640.28   1327.7     84.6 11222.83  3640.28  1.00000
 532449. 13026.77 11217.75  3636.74   1327.7     84.6 11217.75  3636.74  1.00000
 563769. 13019.29 11212.37  3632.97   1327.7     84.6 11212.37  3632.97  1.00000
 595090. 13011.39 11206.68  3629.00   1327.7     84.6 11206.68  3629.00  1.00000
 626410. 13003.06 11200.68  3624.80   1327.7     84.6 11200.68  3624.80  1.00000
 657731. 12994.30 11194.37  3620.40   1327.7     84.6 11194.37  3620.40  1.00000
 689051. 12985.12 11187.76  3615.78   1327.7     84.6 11187.76  3615.78  1.00000
 720372. 12975.51 11180.84  3610.94   1327.7     84.6 11180.84  3610.94  1.00000
 751692. 12965.47 11173.61  3605.89   1327.7     84.6 11173.61  3605.89  1.00000
 783013. 12955.00 11166.07  3600.62   1327.7     84.6 11166.07  3600.62  1.00000
 814333. 12944.11 11158.23  3595.14   1327.7     84.6 11158.23  3595.14  1.00000
 845654. 12932.79 11150.08  3589.44   1327.7     84.6 11150.08  3589.44  1.00000
 876974. 12921.04 11141.62  3583.53   1327.7     84.6 11141.62  3583.53  1.00000
 908295. 12908.86 11132.85  3577.40   1327.7     84.6 11132.85  3577.40  1.00000
 939615. 12896.26 11123.77  3571.06   1327.7     84.6 11123.77  3571.06  1.00000
 970936. 12883.23 11114.39  3564.50   1327.7     84.6 11114.39  3564.50  1.00000
1002256. 12869.77 11104.70  3557.73   1327.7     84.6 11104.70  3557.73  1.00000 
1033577. 12855.89 11094.71  3550.75   1327.7     84.6 11094.71  3550.75  1.00000
1064897. 12841.58 11084.40  3543.54   1327.7     84.6 11084.40  3543.54  1.00000
1096218. 12826.84 11073.79  3536.13   1327.7     84.6 11073.79  3536.13  1.00000
1127538. 12811.67 11062.87  3528.50   1327.7     84.6 11062.87  3528.50  1.00000
1158859. 12796.08 11051.64  3520.65   1327.7     84.6 11051.64  3520.65  1.00000
1190179. 12780.06 11040.10  3512.59   1327.7     84.6 11040.10  3512.59  1.00000
1221500. 12763.61 11028.26  3504.31   1327.7     84.6 11028.26  3504.31  1.00000
1221500. 12166.33 10355.72     0.00  57823.0      0.0 10355.72     0.00  1.00000
1253310. 12149.83 10337.21     0.00  57823.0      0.0 10337.21     0.00  1.00000
1285120. 12132.99 10318.54     0.00  57823.0      0.0 10318.54     0.00  1.00000
1316930. 12115.80 10299.70     0.00  57823.0      0.0 10299.70     0.00  1.00000
1348739. 12098.26 10280.68     0.00  57823.0      0.0 10280.68     0.00  1.00000
1380549. 12080.35 10261.47     0.00  57823.0      0.0 10261.47     0.00  1.00000
1412359. 12062.09 10242.06     0.00  57823.0      0.0 10242.06     0.00  1.00000
1444169. 12043.47 10222.44     0.00  57823.0      0.0 10222.44     0.00  1.00000
1475979. 12024.47 10202.60     0.00  57823.0      0.0 10202.60     0.00  1.00000
1507789. 12005.10 10182.53     0.00  57823.0      0.0 10182.53     0.00  1.00000
1539599. 11985.36 10162.22     0.00  57823.0      0.0 10162.22     0.00  1.00000
1571408. 11965.23 10141.65     0.00  57823.0      0.0 10141.65     0.00  1.00000
1603218. 11944.72 10120.83     0.00  57823.0      0.0 10120.83     0.00  1.00000
1635028. 11923.82 10099.73     0.00  57823.0      0.0 10099.73     0.00  1.00000
1666838. 11902.52 10078.35     0.00  57823.0      0.0 10078.35     0.00  1.00000
1698648. 11880.82 10056.68     0.00  57823.0      0.0 10056.68     0.00  1.00000
1730458. 11858.73 10034.71     0.00  57823.0      0.0 10034.71     0.00  1.00000
1762268. 11836.23 10012.43     0.00  57823.0      0.0 10012.43     0.00  1.00000
1794077. 11813.31  9989.82     0.00  57823.0      0.0  9989.82     0.00  1.00000
1825887. 11789.99  9966.88     0.00  57823.0      0.0  9966.88     0.00  1.00000
1857697. 11766.24  9943.60     0.00  57823.0      0.0  9943.60     0.00  1.00000
1889507. 11742.07  9919.97     0.00  57823.0      0.0  9919.97     0.00  1.00000
1921317. 11717.48  9895.97     0.00  57823.0      0.0  9895.97     0.00  1.00000
1953127. 11692.45  9871.61     0.00  57823.0      0.0  9871.61     0.00  1.00000
1984937. 11666.99  9846.85     0.00  57823.0      0.0  9846.85     0.00  1.00000
2016746. 11641.09  9821.71     0.00  57823.0      0.0  9821.71     0.00  1.00000
2048556. 11614.74  9796.16     0.00  57823.0      0.0  9796.16     0.00  1.00000
2080366. 11587.95  9770.20     0.00  57823.0      0.0  9770.20     0.00  1.00000
2112176. 11560.71  9743.81     0.00  57823.0      0.0  9743.81     0.00  1.00000
2143986. 11533.01  9717.00     0.00  57823.0      0.0  9717.00     0.00  1.00000
2175796. 11504.85  9689.73     0.00  57823.0      0.0  9689.73     0.00  1.00000
2207606. 11476.23  9662.02     0.00  57823.0      0.0  9662.02     0.00  1.00000
2239415. 11447.14  9633.84     0.00  57823.0      0.0  9633.84     0.00  1.00000
2271225. 11417.57  9605.18     0.00  57823.0      0.0  9605.18     0.00  1.00000
2303035. 11387.53  9576.04     0.00  57823.0      0.0  9576.04     0.00  1.00000
2334845. 11357.01  9546.41     0.00  57823.0      0.0  9546.41     0.00  1.00000
2366655. 11326.01  9516.27     0.00  57823.0      0.0  9516.27     0.00  1.00000
2398465. 11294.52  9485.62     0.00  57823.0      0.0  9485.62     0.00  1.00000
2430275. 11262.53  9454.44     0.00  57823.0      0.0  9454.44     0.00  1.00000
2462085. 11230.05  9422.73     0.00  57823.0      0.0  9422.73     0.00  1.00000
2493894. 11197.06  9390.47     0.00  57823.0      0.0  9390.47     0.00  1.00000
2525704. 11163.57  9357.66     0.00  57823.0      0.0  9357.66     0.00  1.00000
2557514. 11129.57  9324.28     0.00  57823.0      0.0  9324.28     0.00  1.00000
2589324. 11095.06  9290.33     0.00  57823.0      0.0  9290.33     0.00  1.00000
2621134. 11060.03  9255.79     0.00  57823.0      0.0  9255.79     0.00  1.00000
2652944. 11024.48  9220.65     0.00  57823.0      0.0  9220.65     0.00  1.00000
2684754. 10988.40  9184.91     0.00  57823.0      0.0  9184.91     0.00  1.00000
2716563. 10951.79  9148.55     0.00  57823.0      0.0  9148.55     0.00  1.00000
2748373. 10914.65  9111.57     0.00  57823.0      0.0  9111.57     0.00  1.00000
2780183. 10876.97  9073.95     0.00  57823.0      0.0  9073.95     0.00  1.00000
2811993. 10838.74  9035.68     0.00  57823.0      0.0  9035.68     0.00  1.00000
2843803. 10799.97  8996.76     0.00  57823.0      0.0  8996.76     0.00  1.00000
2875613. 10760.65  8957.17     0.00  57823.0      0.0  8957.17     0.00  1.00000
2907423. 10720.78  8916.90     0.00  57823.0      0.0  8916.90     0.00  1.00000
2939232. 10680.34  8875.95     0.00  57823.0      0.0  8875.95     0.00  1.00000
2971042. 10639.35  8834.30     0.00  57823.0      0.0  8834.30     0.00  1.00000
3002852. 10597.78  8791.94     0.00  57823.0      0.0  8791.94     0.00  1.00000
3034662. 10555.64  8748.86     0.00  57823.0      0.0  8748.86     0.00  1.00000
3066472. 10512.93  8705.06     0.00  57823.0      0.0  8705.06     0.00  1.00000
3098282. 10469.64  8660.52     0.00  57823.0      0.0  8660.52     0.00  1.00000
3130092. 10425.77  8615.23     0.00  57823.0      0.0  8615.23     0.00  1.00000
3161901. 10381.30  8569.18     0.00  57823.0      0.0  8569.18     0.00  1.00000
3193711. 10336.25  8522.37     0.00  57823.0      0.0  8522.37     0.00  1.00000
3225521. 10290.60  8474.77     0.00  57823.0      0.0  8474.77     0.00  1.00000
3257331. 10244.35  8426.39     0.00  57823.0      0.0  8426.39     0.00  1.00000
3289141. 10197.49  8377.21     0.00  57823.0      0.0  8377.21     0.00  1.00000
3320951. 10150.03  8327.22     0.00  57823.0      0.0  8327.22     0.00  1.00000
3352761. 10101.95  8276.41     0.00  57823.0      0.0  8276.41     0.00  1.00000
3384570. 10053.26  8224.77     0.00  57823.0      0.0  8224.77     0.00  1.00000
3416380. 10003.95  8172.30     0.00  57823.0      0.0  8172.30     0.00  1.00000
3448190.  9954.01  8118.97     0.00  57823.0      0.0  8118.97     0.00  1.00000
3480000.  9903.44  8064.79     0.00  57823.0      0.0  8064.79     0.00  1.00000
3480000.  5566.46 13716.62  7264.65  57823.0    312.0 13716.62  7264.65  1.00000
3510000.  5551.42 13709.27  7264.95  57823.0    312.0 13709.27  7264.95  1.00000
3540000.  5536.41 13701.98  7265.24  57823.0    312.0 13701.98  7265.24  1.00000
3570000.  5521.42 13694.75  7265.50  57823.0    312.0 13694.75  7265.50  1.00000
3600000.  5506.44 13687.57  7265.75  57823.0    312.0 13687.57  7265.75  1.00000
3630000.  5491.48 13680.44  7265.97  57823.0    312.0 13680.44  7265.97  1.00000
3630000.  5491.48 13680.42  7265.93  57823.0    312.0 13680.42  7265.93  1.00000
3661774.  5475.64 13641.93  7251.38  57823.0    312.0 13641.93  7251.38  1.00000
3693548.  5459.81 13603.72  7236.91  57823.0    312.0 13603.72  7236.91  1.00000
3725323.  5444.00 13565.75  7222.50  57823.0    312.0 13565.75  7222.50  1.00000
3757097.  5428.18 13528.03  7208.16  57823.0    312.0 13528.03  7208.16  1.00000
3788871.  5412.38 13490.52  7193.86  57823.0    312.0 13490.52  7193.86  1.00000
3820645.  5396.57 13453.21  7179.61  57823.0    312.0 13453.21  7179.61  1.00000
3852419.  5380.76 13416.08  7165.40  57823.0    312.0 13416.08  7165.40  1.00000
3884194.  5364.95 13379.10  7151.22  57823.0    312.0 13379.10  7151.22  1.00000
3915968.  5349.14 13342.26  7137.06  57823.0    312.0 13342.26  7137.06  1.00000
3947742.  5333.31 13305.53  7122.92  57823.0    312.0 13305.53  7122.92  1.00000
3979516.  5317.48 13268.91  7108.80  57823.0    312.0 13268.91  7108.80  1.00000
4011290.  5301.64 13232.36  7094.67  57823.0    312.0 13232.36  7094.67  1.00000
4043065.  5285.78 13195.87  7080.54  57823.0    312.0 13195.87  7080.54  1.00000
4074839.  5269.90 13159.42  7066.40  57823.0    312.0 13159.42  7066.40  1.00000
4106613.  5254.01 13122.98  7052.25  57823.0    312.0 13122.98  7052.25  1.00000
4138387.  5238.09 13086.54  7038.07  57823.0    312.0 13086.54  7038.07  1.00000
4170161.  5222.15 13050.09  7023.86  57823.0    312.0 13050.09  7023.86  1.00000
4201935.  5206.18 13013.59  7009.61  57823.0    312.0 13013.59  7009.61  1.00000
4233710.  5190.19 12977.03  6995.32  57823.0    312.0 12977.03  6995.32  1.00000
4265484.  5174.16 12940.38  6980.97  57823.0    312.0 12940.38  6980.97  1.00000
4297258.  5158.11 12903.64  6966.57  57823.0    312.0 12903.64  6966.57  1.00000
4329032.  5142.01 12866.78  6952.10  57823.0    312.0 12866.78  6952.10  1.00000
4360806.  5125.88 12829.77  6937.56  57823.0    312.0 12829.77  6937.56  1.00000
4392581.  5109.71 12792.61  6922.94  57823.0    312.0 12792.61  6922.94  1.00000
4424355.  5093.50 12755.26  6908.23  57823.0    312.0 12755.26  6908.23  1.00000
4456129.  5077.25 12717.72  6893.43  57823.0    312.0 12717.72  6893.43  1.00000
4487903.  5060.94 12679.95  6878.53  57823.0    312.0 12679.95  6878.53  1.00000
4519677.  5044.59 12641.95  6863.53  57823.0    312.0 12641.95  6863.53  1.00000
4551452.  5028.19 12603.69  6848.41  57823.0    312.0 12603.69  6848.41  1.00000
4583226.  5011.73 12565.14  6833.17  57823.0    312.0 12565.14  6833.17  1.00000
4615000.  4995.22 12526.30  6817.80  57823.0    312.0 12526.30  6817.80  1.00000
4646774.  4978.65 12487.14  6802.29  57823.0    312.0 12487.14  6802.29  1.00000
4678548.  4962.02 12447.64  6786.65  57823.0    312.0 12447.64  6786.65  1.00000
4710323.  4945.33 12407.78  6770.86  57823.0    312.0 12407.78  6770.86  1.00000
4742097.  4928.57 12367.54  6754.91  57823.0    312.0 12367.54  6754.91  1.00000
4773871.  4911.75 12326.91  6738.80  57823.0    312.0 12326.91  6738.80  1.00000
4805645.  4894.85 12285.85  6722.52  57823.0    312.0 12285.85  6722.52  1.00000
4837419.  4877.89 12244.36  6706.06  57823.0    312.0 12244.36  6706.06  1.00000
4869194.  4860.85 12202.41  6689.42  57823.0    312.0 12202.41  6689.42  1.00000
4900968.  4843.73 12159.98  6672.60  57823.0    312.0 12159.98  6672.60  1.00000
4932742.  4826.54 12117.06  6655.57  57823.0    312.0 12117.06  6655.57  1.00000
4964516.  4809.26 12073.61  6638.34  57823.0    312.0 12073.61  6638.34  1.00000
4996290.  4791.90 12029.64  6620.90  57823.0    312.0 12029.64  6620.90  1.00000
5028065.  4774.45 11985.10  6603.25  57823.0    312.0 11985.10  6603.25  1.00000
5059839.  4756.92 11939.99  6585.37  57823.0    312.0 11939.99  6585.37  1.00000
5091613.  4739.30 11894.28  6567.26  57823.0    312.0 11894.28  6567.26  1.00000
5123387.  4721.58 11847.95  6548.91  57823.0    312.0 11847.95  6548.91  1.00000
5155161.  4703.77 11800.99  6530.31  57823.0    312.0 11800.99  6530.31  1.00000
5186935.  4685.87 11753.37  6511.47  57823.0    312.0 11753.37  6511.47  1.00000
5218710.  4667.86 11705.07  6492.36  57823.0    312.0 11705.07  6492.36  1.00000
5250484.  4649.75 11656.08  6472.99  57823.0    312.0 11656.08  6472.99  1.00000
5282258.  4631.54 11606.38  6453.35  57823.0    312.0 11606.38  6453.35  1.00000
5314032.  4613.22 11555.93  6433.42  57823.0    312.0 11555.93  6433.42  1.00000
5345806.  4594.80 11504.74  6413.21  57823.0    312.0 11504.74  6413.21  1.00000
5377581.  4576.26 11452.76  6392.71  57823.0    312.0 11452.76  6392.71  1.00000
5409355.  4557.61 11400.00  6371.91  57823.0    312.0 11400.00  6371.91  1.00000
5441129.  4538.84 11346.42  6350.80  57823.0    312.0 11346.42  6350.80  1.00000
5472903.  4519.96 11292.00  6329.37  57823.0    312.0 11292.00  6329.37  1.00000
5504677.  4500.96 11236.73  6307.62  57823.0    312.0 11236.73  6307.62  1.00000
5536452.  4481.83 11180.58  6285.55  57823.0    312.0 11180.58  6285.55  1.00000
5568226.  4462.58 11123.54  6263.14  57823.0    312.0 11123.54  6263.14  1.00000
5600000.  4443.20 11065.59  6240.39  57823.0    312.0 11065.59  6240.39  1.00000
5600000.  4443.20 11065.60  6240.54  57823.0    312.0 11065.60  6240.54  1.00000
5625250.  4427.71 10987.09  6166.66  57823.0    312.0 10987.09  6166.66  1.00000
5650500.  4412.14 10908.54  6092.80  57823.0    312.0 10908.54  6092.80  1.00000
5675750.  4396.48 10829.95  6018.95  57823.0    312.0 10829.95  6018.95  1.00000
5701000.  4380.74 10751.32  5945.13  57823.0    312.0 10751.32  5945.13  1.00000
5701000.  3992.12 10266.17  5570.21  57823.0    143.0 10266.17  5570.21  1.00000
5724333.  3986.69 10230.04  5552.15  57823.0    143.0 10230.04  5552.15  1.00000
5747667.  3981.25 10193.90  5534.08  57823.0    143.0 10193.90  5534.08  1.00000
5771000.  3975.82 10157.76  5516.02  57823.0    143.0 10157.76  5516.02  1.00000
5771000.  3975.82 10157.83  5515.93  57823.0    143.0 10157.83  5515.93  1.00000
5799571.  3939.81 10011.55  5432.58  57823.0    143.0 10011.55  5432.58  1.00000
5828143.  3903.80  9865.28  5349.23  57823.0    143.0  9865.28  5349.23  1.00000
5856714.  3867.79  9719.01  5265.88  57823.0    143.0  9719.01  5265.88  1.00000
5885286.  3831.78  9572.73  5182.53  57823.0    143.0  9572.73  5182.53  1.00000
5913857.  3795.77  9426.46  5099.19  57823.0    143.0  9426.46  5099.19  1.00000
5942429.  3759.76  9280.19  5015.84  57823.0    143.0  9280.19  5015.84  1.00000
5971000.  3723.75  9133.92  4932.49  57823.0    143.0  9133.92  4932.49  1.00000
5971000.  3543.26  8905.24  4769.90  57823.0    143.0  8905.24  4769.90  1.00000
6001000.  3525.35  8847.53  4748.90  57823.0    143.0  8847.53  4748.90  1.00000
6031000.  3507.43  8789.81  4727.90  57823.0    143.0  8789.81  4727.90  1.00000
6061000.  3489.52  8732.10  4706.90  57823.0    143.0  8732.10  4706.90  1.00000
6091000.  3471.60  8674.38  4685.90  57823.0    143.0  8674.38  4685.90  1.00000
6121000.  3453.69  8616.66  4664.90  57823.0    143.0  8616.66  4664.90  1.00000
6151000.  3435.77  8558.95  4643.90  57823.0    143.0  8558.95  4643.90  1.00000
6151000.  3359.49  7800.45  4441.09  57823.0     80.0  8048.56  4436.26  0.97646
6179000.  3362.53  7832.17  4434.63  57823.0     80.0  8068.85  4461.39  0.96557
6207000.  3365.58  7863.90  4428.18  57823.0     80.0  8089.15  4486.52  0.95468
6235000.  3368.62  7895.62  4421.73  57823.0     80.0  8109.44  4511.65  0.94379
6263000.  3371.66  7927.34  4415.28  57823.0     80.0  8129.73  4536.78  0.93290
6291000.  3374.71  7959.06  4408.83  57823.0     80.0  8150.02  4561.90  0.92201
6291000.  3374.71  7959.06  4408.83  57823.0    600.0  8150.02  4561.90  0.92201
6318800.  3377.73  7990.56  4402.43  57823.0    600.0  8170.17  4586.85  0.91120
6346600.  3380.75  8022.06  4396.02  57823.0    600.0  8190.32  4611.80  0.90039
6346600.  2900.00  6800.00  3900.00  57823.0    600.0  6800.00  3900.00  1.00000
6356000.  2900.00  6800.00  3900.00  57823.0    600.0  6800.00  3900.00  1.00000
6356000.  2600.00  5800.00  3200.00  57823.0    600.0  5800.00  3200.00  1.00000
6368000.  2600.00  5800.00  3200.00  57823.0    600.0  5800.00  3200.00  1.00000
6368000.  1020.00  1450.00     0.00  57823.0      0.0  1450.00     0.00  1.00000
6371000.  1020.00  1450.00     0.00  57823.0      0.0  1450.00     0.00  1.00000